1 1 0,3680981595092025 0 0,0030674846625766876 0 0,9969325153374233 1 0,9969325153374233 1 0,9969325153374233 1
2 1 0,13761467889908258 0 0,03669724770642202 0 0,963302752293578 1 1,926605504587156 2 1,926605504587156 2
3 1 0,05434782608695653 0 0,11005434782608696 0 0,8899456521739131 1 2,6698369565217392 3 2,6698369565217392 3
4 1 0,023328149300155525 0 0,1990668740279938 0 0,8009331259720062 1 3,2037325038880247 4 3,2037325038880247 4
5 1 0,010938924339106653 0 0,28486782133090244 0 0,7151321786690976 1 3,5756608933454883 5 3,5756608933454883 5
6 1 0,005561735261401557 0 0,3604004449388209 0,13333333333333333 0,639599555061179 0,8666666666666667 3,8375973303670743 5,2 3,8375973303670743 5,2
7 1 0,0030324471848781967 0 0,42471949863539876 0,26666666666666666 0,5752805013646012 0,7333333333333333 4,026963509552209 5,133333333333333 4,026963509552209 5,133333333333333
8 1 0,0017541807975675363 0 0,4790083031224419 0,3 0,5209916968775581 0,7 4,167933575020465 5,6 4,167933575020465 5,6
9 1 0,0010667235585897915 0 0,5249079950930716 0,4 0,4750920049069284 0,6 4,275828044162355 5,3999999999999995 4,275828044162355 5,3999999999999995
10 1 0,0006767426122264832 0 0,5639521768554027 0,4 0,43604782314459734 0,6 4,360478231445973 6 4,360478231445973 6
